0
9.27985
31.2759
17.6622
14.3237
9.08651
6.42698
8.24163
9.58724
5.15051
12.9547
6.01991
8.17147
12.7939
18.6778
28.106
35.0647
47.749
48.6484
32.6445
37.3609
17.8684
15.7873
18.4491
8.25514
10.0791
7.44727
4.92974
3.20356
4.35862
6.92081
4.10946
7.73531
2.51449
0
2.6847
7.31669
0.581695
2.07808
0.301466
2.33085
0.89304
3.284
1.38791
0
0.278333
1.75017
2.23356
0.0473093
0.542887
0.687713
0
3.34388
1.33152
0
2.73089
2.43357
0.960148
0.672017
0.878791
0.5582
0
1.54009
1.57472
0
2.00185
0.527472
0.62767
0.921821
4.60429
0
0.698692
3.04641
1.65273
0
0
0.453805
6.33498
3.31728
1.70049
0.788343
1.72025
0.664299
0
4.35553
3.74717
0.792004
0
0
0.663948
0.269373
0.47701
1.43366
0.603026
1.37151
0
0.983673
0.617287
0
0
0
0
1.00275
0
0.685734
1.37525
0
0
1.59228
0
1.41621
0.674312
0
0
0
0
0.724559
0.554571
4.39181
0.396555
1.87397
0.683671
0.752973
0
0.610316
0
0
0
0
0
0
0
0
0
0.102785
0.566452
0.891869
0
0
0
0.126789
0
0
0
1.27287
2.82814
1.18863
0
0
1.31614
0
3.67747
0.762333
5.47364
0
0
0
0
0
0
0.487697
0
2.51096
0.707892
0.665069
0
0
1.35045
0
0
0
2.0391
0.806753
1.61614
3.13583
0
0
0
0
0.953776
0.550278
0.533231
0
0
0
0.558427
0.503364
0.510638
0.817085
0.298679
0.246147
0
0.994856
0
0.42379
0.17789
0.573121
0
0
0
0.0265968
0.739643
0
0
1.94222
0
0
0
2.8665
0.0341733
1.05409
0.423963
0
0.233941
0
1.39943
0
0
0
0.616285
0.284226
0
1.05202
0
1.49891
2.48878
1.64494
0
0.896913
0
0
0.172337
0
0
0.998607
0
0.0202112
0.0691082
0.357133
0
0
0.431692
0.517167
0
1.80901
0.233933
0.571653
0.397578
0.242121
0.132303
0
0.572984
0.364961
0
0
0.971688
0
0
0
0.778641
0
0.379766
0
0
0.918248
2.37916
0.630426
0.981971
0
1.724
0
0
0
0.604682
0
0
0.969407
0.874258
0
0.280425
0
0
0
2.51871
0
0
4.19272
1.22904
0
0
0
0
0.579683
0.773777
0
1.35201
0.600653
0.109432
0
0
0
0.0517911
4.91852
0
0
0
0
0
0
0
2.30835
0.255452
3.61913
0.421317
0.495614
0
2.89638
0.3923
0
0.222105
1.45673
0.609478
0
0.62803
0.00033632
0.650532
0.502464
1.50913
0.400989
0
0
0
1.01611
0
1.22491
1.24157
4.84902
1.73987
0.295626
3.22359
0
0
3.49462
4.58985
2.31604
2.5505
0
6.33739
0.012882
0.260103
3.18435
0
0.980583
0
0
3.50857
1.41377
0
1.29607
5.48293
2.0761
3.93765
0.663383
0
2.70454
0.438951
0.30756
0
1.67027
1.444
0.71931
0
0.113282
0.190375
3.06451
1.34312
4.32777
0.510998
0
0
2.2696
2.97595
0
1.37174
0
0.6332
3.92784
0.81035
0.427228
0.965121
0
1.07649
1.12695
0
0
0
0
0
5.73628e-05
0.781352
2.58097
0
2.07994
0
0.541799
1.93634
3.95004
1.82745
1.76454
2.39198
0
2.27411
0
0
0
0.728789
0.0064447
0
0
2.32224
2.8272
0.0388776
1.61015
4.54606
5.35907
0
1.31111
3.2867
3.21686
0.661114
2.28348
1.67008
0.524111
3.77053
0.311365
0.331712
0.299329
1.7558
0.00470926
0
1.85875
0.692844
0
0.0968978
1.1838
0.679873
0.366085
0
3.09495
0.247331
0
0.0712159
2.97379
0.0438264
0.410511
0.611213
5.33165
0.762874
2.96398
0
0.186435
0.995794
1.07885
1.26412
0
1.01743
0.105498
0.225819
0.859654
1.41948
2.75409
0
2.1217
0.565172
2.45492
1.31467
0
0.0117404
0
0.403405
1.40111
3.52763
1.89167
0.00456471
2.16257
0
5.88191
0.586588
2.76368
1.10168
0
0.186114
4.24682
0.786736
5.2344
2.09316
3.06801
0.408138
1.09781
1.1008
0.00983046
0
0
0.296645
1.22081
3.88103
0.769304
0.474226
0
7.0202
0.40245
0
0
0
1.44202
1.62329
2.22531
0.445294
0
0.713737
0.730076
0
0.949849
0.491259
1.60011
0.0081557
1.06277
0.780795
0.331688
0.519724
0.283707
1.61269
0
0
0.38193
0.93503
0.973884
3.43213
2.53909
0
0
0.555372
0.382532
0.412935
0
0.676995
0.878631
0
1.3286
1.57341
0
0
0
0.29894
3.44125
1.79215
0.417432
1.74769
0.207844
0.881606
0
0.942273
1.43983
3.84312
0
2.16338
0
0
0
0
2.58023
3.10433
0
0.0537521
1.59811
0
0
4.61949
1.50614
5.48623
2.01187
0.688155
0.153773
1.19165
0.475833
1.44798
2.99426
0.0374565
3.77401
0
0
3.61751
0
0.0625636
0
2.75225
3.39943
0.185217
0
0
0
0.530734
1.18127
0
0
0.369249
0
1.90529
0.420997
0.0799594
0.0411351
0
0
0
0
0.0234329
0
0
0.484027
0
0.691587
1.7509
0
0
1.16865
0
0
0.462342
0
0
2.37544
0
0
1.67992
0.277202
1.42523
1.88881
2.52574
0
3.49936
0.142632
0.128213
0.572038
0
0.621395
0.707677
0.360338
0.792593
0
0
2.19418
0.709163
3.0861
2.69468
0
0.073701
1.10893
0.896049
1.49273
0
0.264592
0.475421
1.04175
0.713202
0
4.22316
0
0
0.318816
0
0.240847
0
0
0
1.85812
0
3.56233
0.200236
0
0.236633
0.265336
1.44399
0.081602
2.79776
0.375613
4.79646
0
0
3.16442
3.82751e-07
0
0
0
0.823634
0.422915
0.573272
0.836059
0.576382
0.694383
2.42089
0.21256
0
0
0
0
0
0
0.499429
1.99593
0.357972
0.289253
1.82528
0
0
3.5727
0.33437
0
0
0
1.49588
1.3472e-08
0
0.354331
1.2574
0
2.2012
0.0351086
0.894959
0
0.380108
0
3.64106
0
0
0
0.909992
0
0.529561
0.773479
0
0.190953
2.2042
0
0
0
0
2.74215e-05
1.07277
0
3.52647
1.00786
0
0
0
0.0213463
0.76037
2.12726
1.17954
0
2.84849
1.15486
0.44648
0
0.656821
0.242068
2.0224
1.69553
0
0.551542
0
0
0.00210922
0
0.939633
0.31992
0
0
0
0
1.48758
0
0
1.57109
1.15981
0.649949
0
2.86376
0.919309
5.28509e-06
0
0
0
0.632911
0.301315
0.17426
1.24548
0.672064
0.393448
0.687643
0.647237
0
0.349478
1.12056
3.47148
0
0.800483
0.403444
3.79239
2.11511
5.74314e-06
0
0
0
0
1.57951
0
1.30808
0
0.261595
0
0.595603
2.63338
1.46067
0.7857
1.97356e-05
0.188669
2.62074
0
1.35673
0
0
0
0
0.619394
0
0
2.33185
0
2.73978e-06
0
0.00966905
0
0.151463
1.50823e-07
0
0
0.894256
0
0
1.07314
0
1.65987
1.59555
6.71443e-08
0
2.26287e-07
0.419784
3.33679
0.460839
0
0
0.315069
0
0
0.274204
0.0653371
0.509582
0
0
0
0.238544
0
0
0
0
0
0.813971
0.546943
7.76646e-05
0
0.271957
0
0.670316
0
0
0.00147306
0.000106847
8.18858e-05
1.84109
1.38384
1.46348
0.99184
0
0.123085
5.2749e-06
1.88787
0
0.428281
0
0
0.000149288
1.97343
0.865213
0.000428051
0.0919026
1.40263
0
0.641599
0.000104554
0
8.96722e-05
3.81676
1.7975e-06
0
0
0
0.000293202
1.09108e-05
0
0
0.000263127
1.74078e-05
7.65412e-05
0
1.74914
0.00025995
0
0.332033
0.000106748
0
0
0
0
3.41824e-05
0
3.07747
0.000148278
0
0
0.000222416
0.391709
0
1.09477
0.00152646
0.000512138
0.000173524
0.336578
0.0010133
0
0.00010196
0.543371
0.000230087
1.43502e-05
0.00168056
0
0.000198888
3.05866
0.000104824
0
0
0
4.74012e-05
0
0
3.28829e-05
0.429147
1.13379e-06
0.000424882
2.05932
0.00094463
4.55158e-05
2.67555e-05
0
1.25194e-05
7.64718e-05
0
0.000316911
0.490413
2.75872
1.27497e-07
0
0.224099
5.11407e-07
0
0
0.03698
1.56956
0.000156027
0
0.0196113
0
0.433491
1.00263
6.48311e-05
2.49465
0.000708626
0
5.04654
3.80791e-08
2.74506e-06
1.26022
0.000253353
0.000156982
0.000892587
0
0
0.0793353
0
0.729976
0.000472635
0
0
0
0.549016
0.00191319
0.0016642
0
0
0
0.00116101
0.796774
0
0.00145547
0.000890561
0.000795055
2.01397e-05
3.39689e-05
0.000204366
0.000185805
0
0.00367418
0.235801
0
0.000221027
0.000296301
0.00249423
0.00067769
0.388902
0.000144671
0.00169983
2.96525
3.24664e-07
0.847381
1.14274
0
1.06942
0
1.79077e-06
0.547148
0
0
0.000418599
0.00285796
0.000692097
1.29011e-05
4.25152
0
0
1.57833
0.000760499
0
0.000791855
0.000556393
0.332587
0
0.000830575
1.846e-05
0.00156174
0
7.77483e-06
4.42246e-05
0.190025
0.000195784
2.15941e-06
1.03988
0.000958945
0
0.434466
0.597182
0.0615189
0.000425062
0.00449145
0.00193815
0.149882
2.77752e-05
0.00135218
0.000820767
0.523055
0.154194
0
0.000384732
0.00200672
0.907868
0.00249318
0.000444937
0.514299
0
0.000123623
0.00186381
0.00390105
0.423459
1.31074
0.00464178
0.000283022
2.68229
0.00203041
0.00079779
0.893136
1.70437
0.485319
0.000435069
0.000430247
0.000123065
0.580811
0.715086
0
0
0.00168147
2.39674
0.508984
0.000845425
0
0.000716127
0.00627036
0.000813991
2.59422e-05
0.00077109
0.473951
0.000339431
0
0.00138143
0.000462433
0.00164761
0.00207413
0.000321635
0.00230439
0.00177956
1.0671
0.437393
0.00318645
0.0211111
5.0725e-05
0.00175137
0.000186315
6.75919e-06
0.000550198
0.00502141
7.2259e-06
0.548736
0.00176821
2.35781
0.682787
0.0015752
0.000980821
0.0279265
0.00139393
0.366008
1.39247
0.00134492
0.00304305
0.000458704
0.0029966
0
0.00237908
0.00234558
0.732879
0.826399
0.000333106
0.00564514
0.000407708
0.000257224
0
1.05976e-08
0.00155397
0.003129
0.00203141
0.668815
0.00195224
0.00306339
0.0141125
0.177331
0.00010151
0.00711726
0.903194
0.00103325
1.23499
0.000865826
0.924617
8.53258e-08
0.322226
0
0.0010794
0.00105168
2.03141
0.00048302
0.00144398
0.00396205
0.000800786
0.00666841
0.00128991
0.00358574
0.00300246
2.11621
0.0125505
0.00179568
0.000108403
0.725672
3.19685e-06
0.000245685
0.00362002
1.11294
0.00359039
0.0204347
0.00579737
0.0103269
1.01458
0.00159115
0.0115623
0.00469385
0.00593313
0.330259
0.00260877
0.00555083
1.40174
0.00496705
0.00216622
0
0.00909892
0
0.115157
0.00228427
0.00480951
0.00608486
0.00840775
0.0143817
3.20929
5.21651e-07
1.53729
0.00189563
0.0087146
1.70718
0.00165675
1.26597
3.63377
0.449569
0.00269904
0.878124
0.976213
0.0240836
0.370331
0.00652906
0.905596
0.0116288
0.196148
0.396991
0.00163452
0.0311736
0.00840117
0.886418
0.032938
0.000911749
1.10494
0.114385
1.77927
0.0283121
0.0035808
0.00156059
2.62458
0.00923836
0.00913807
0.611748
0.014574
0.00461599
0.174757
0.00478664
0.00559032
0.410421
0.600176
0.00203393
1.02601
0.00128167
0.00548223
1.7255
0.00522139
0.00684491
0.0195369
0.469154
0.0030714
2.58644
0.00549134
1.90606
0.0464779
0.00388618
1.94719
0.0151395
0.00283579
0.703019
0.494535
0.0094247
0.0160401
0.01156
0.133044
0.00713254
0.00196506
3.65644
0.013581
2.09073
0.00994285
0
0.0131884
0.00646323
1.48765
0.194428
0.590959
0.191818
0.0333616
2.31613
0.0122598
0.85555
0.0214834
1.12272
0.0195586
0.346053
0.00978586
1.37687
0.00907856
0.00304213
0.0542086
0.0372921
1.10554
0.317211
0.0112133
0.00737209
0.0495798
0.373972
0.0127199
2.3368
0.0949571
0.00530846
2.5293
0.220572
0.0217475
0.0223238
0.879146
0.00936447
0.013559
0.207351
2.29128
0.0400371
0.0130066
0.00921267
0.00314715
0.0162263
0.0472369
1.7042
0.0182947
0.0288441
1.38529
1.46759
0.0123836
3.83167
0.162277
0.0262568
0.0167855
1.05806
0.00375618
0.00422033
0.02996
1.10107
0.387487
0.140955
1.12322
0.0126126
1.43379
0.0169383
0.0234278
0.387494
3.40457
0.54637
0.0166777
0.0112522
0.0300447
0.620929
0.0465179
0.00381174
0.0250136
0.0214872
0.210045
0.323788
0.00674416
0.00563871
0.403956
0.0294402
0.0599679
0.0455643
0.062822
1.20337
0.043037
0.0243399
0.142337
0.037111
0.0270975
0.0960877
1.39796
0.0263015
0.333427
1.1562
1.96538
0.278149
0.345277
1.30506
0.232506
0.024884
0.0310754
0.0542483
0.805374
0.00577444
0.0045646
0.0361807
0.991461
0.0588439
0.0327343
1.7459
0.0577154
0.543709
1.65223
0.0666805
0.489498
0.0157779
0.0294373
2.14993
0.0151847
0.0366786
0.0320501
0.444785
0.0641579
1.65317
0.0849918
2.44997
0.0683805
0.483737
0.0364224
1.0713
0.0867215
2.05271
0.101712
1.95706
0.0810984
0.0686194
1.19961
4.61339
0.0259615
1.80778
0.514295
0.0623216
0.0723454
0.0910424
0.481264
0.548928
0.120714
0.0136561
0.526758
0.336473
0.0378343
2.08619
1.88098
0.343733
2.82338
0.136003
0.275931
0.994731
0.754707
0.102453
0.849047
1.20235
2.90672
0.456996
0.0137124
0.842544
0.783937
0.0713831
0.230379
0.165257
1.52366
1.26289
0.085298
0.183524
0.0294588
0.116238
0.213509
0.0718652
0.653831
0.484353
0.158225
0.438193
1.22235
4.08907
0.826251
0.288912
0.858454
0.513477
2.03338
0.0707516
0.161238
0.0907851
0.46057
2.54584
2.58089
1.25354
0.0890141
0.936336
1.38533
0.376847
0.0358671
1.96876
0.174234
0.0718096
2.41567
2.52707
2.21814
2.37196
0.0598264
0.249899
2.71011
0.869186
3.26697
0.0375195
0.119641
6.71953
0.96618
0.21388
0.0776091
0.0998103
0.777169
3.41191
2.52016
0.588437
2.35397
0.168161
0.108761
1.55693
0.0592901
0.553367
0.672607
0.127179
0.148245
1.74037
0.0545534
0.193281
0.0596501
0.902217
0.491167
0.638499
0.230302
1.93965
3.17735
0.0754308
2.09285
2.3433
0.0756453
0.946424
0.187029
2.61481
2.88871
2.67948
3.0604
0.418315
1.47572
2.57227
0.151864
0.0588236
0.234561
0.621659
0.619235
1.77133
0.164248
0.163547
0.585293
1.50953
1.37055
3.22802
4.92372
0.227317
1.40195
6.16115
6.96765
2.22896
1.63072
1.21331
3.56238
0.396315
3.55426
3.61667
0.342031
2.38049
1.16108
2.49803
0.562888
1.95721
2.48313
2.43344
4.77188
2.6304
1.57071
0.193392
2.63229
0.213829
0.909672
2.64972
4.38682
4.60488
0.283882
1.243
2.0063
0.307903
3.00346
1.58724
3.96962
0.349492
0.132847
0.283955
4.14396
3.8969
1.82199
4.73843
2.20669
2.53765
3.17607
1.4049
3.74254
3.90096
3.93045
0.299385
1.24629
2.19897
0.33456
0.717639
2.38692
2.0674
1.68821
0.153922
3.20832
2.39516
1.73064
1.46463
2.21024
4.59331
3.57355
1.28305
3.54753
0.890229
5.21351
1.1181
0.43272
1.60913
3.27452
1.0598
2.80795
4.59253
2.18149
0.728548
2.87025
0.308706
0.400742
0.312341
1.47187
0.545778
2.53581
4.15508
5.83378
4.73588
3.1726
1.99389
5.10265
6.65276
1.35675
0.161624
6.91983
4.45643
1.88927
1.65296
2.69976
2.16589
1.66352
6.7152
1.13098
0.789353
2.8873
3.13243
1.12242
5.29036
1.85992
4.81867
3.27688
1.07437
3.44795
3.01411
1.55761
4.70262
5.12474
1.89184
1.79854
3.1759
2.44561
8.179
3.5468
2.40561
1.64617
1.22132
4.66928
4.4882
0.349962
2.18819
2.82692
4.68992
5.68153
0.984549
2.66261
5.45204
2.93276
5.10435
2.27884
3.29145
1.52547
4.32089
0.736057
2.05484
4.28463
3.92871
6.09761
1.77973
8.89644
2.27917
3.43956
3.07857
5.12694
2.0925
5.06608
1.63271
3.2788
4.38472
0.871504
5.40134
2.85083
2.19676
1.84689
1.72833
0.61722
3.98214
4.00022
5.42919
7.24376
6.30685
1.68548
2.82245
10.9538
5.68868
2.17102
8.85474
3.59887
1.78743
5.93868
4.81334
3.62466
3.46087
11.6603
3.47409
2.8231
5.82996
10.5255
0.878972
2.53099
10.0775
4.73683
7.32406
7.48362
5.03915
2.43507
5.76093
1.8476
1.58876
3.2984
5.91931
2.08232
8.98878
8.33034
4.0585
9.03112
3.20077
8.11191
3.91397
8.8948
5.91508
3.44533
12.829
6.95011
6.84595
10.3193
1.87634
3.86842
4.38237
1.11835
6.74939
3.62736
4.63092
1.15109
5.93128
4.52462
3.86655
6.98509
6.67959
9.84936
3.96379
3.52425
7.53612
3.90332
1.77935
11.4232
4.00021
6.44646
5.27615
1.09057
6.73966
4.69963
5.16336
1.34847
1.86742
4.60092
2.44544
5.8251
6.42764
1.32454
6.90564
5.42908
7.26183
9.15271
4.34878
4.0694
5.65954
3.28999
4.15839
2.3802
7.11439
5.35499
5.97606
4.57386
3.16362
1.42084
5.06545
6.33517
11.8286
4.10197
4.44756
2.77909
6.44929
7.62111
3.46617
0.605846
1.37331
8.15064
2.34492
4.51996
9.65608
7.32189
5.89111
6.50411
9.42545
7.53333
5.25906
8.67961
10.534
5.31985
6.81488
6.23625
8.27636
5.86875
5.52907
8.92444
6.22382
10.7201
4.89832
8.70077
4.81803
5.82228
13.1906
11.3815
4.79502
4.91884
2.25429
14.3226
6.63475
4.08175
5.20534
5.50511
9.33659
10.1372
2.67349
10.5667
5.90153
12.4977
11.7683
6.11057
10.8267
5.81416
12.0549
5.8913
11.8081
4.80171
11.1195
5.65021
11.7643
11.038
5.85668
4.68393
8.57782
9.16732
5.50126
10.6418
11.4112
6.94119
10.1309
11.0929
9.20164
6.96587
10.3766
5.65317
1.98293
6.55468
8.97399
22.0784
12.46
6.08948
7.55187
6.31968
8.31409
4.95473
7.82467
10.9062
5.306
9.59869
12.1393
5.19067
13.9258
8.0919
9.55079
6.31201
6.01885
7.80616
13.418
7.38361
12.5754
8.24434
11.4134
9.78087
6.54253
22.1966
4.77666
9.50317
13.2277
7.70161
15.5173
11.4803
12.2525
18.7567
5.39719
6.54027
6.91313
12.6404
9.79094
13.9365
10.512
11.0687
18.9086
12.012
9.64327
12.6803
7.75658
12.842
7.73377
18.6388
15.0924
4.50094
10.8801
14.1062
6.94993
13.1701
13.5122
10.1596
10.1062
11.1474
15.4905
19.0302
10.7994
7.98813
13.9769
12.625
16.3032
11.0513
15.8479
13.0148
11.3493
10.6936
10.1045
14.842
6.40928
9.17056
13.0863
8.62414
19.7622
8.20901
12.1459
14.7337
14.2855
9.34323
6.58263
14.5889
11.7778
8.22474
9.15459
17.4926
20.6204
16.6456
11.4665
11.9146
16.6609
15.8336
9.3737
12.9764
8.75611
13.8573
14.5226
22.0915
11.2394
6.63538
12.0914
12.9279
15.2091
14.5904
13.9616
17.4517
10.4134
13.9158
22.9384
15.0309
9.21833
19.8158
13.0116
15.6842
11.1753
6.9321
13.1052
10.7468
21.7133
8.58628
23.3216
9.01452
14.7091
4.51261
8.45226
13.0128
15.1109
21.1539
14.8103
22.9825
10.1186
27.1513
10.0196
19.0296
16.907
17.0219
17.5108
26.1791
20.2563
25.6875
20.0767
28.4951
22.417
16.2559
21.3006
26.9638
22.2509
12.5717
13.4415
15.9461
12.0087
18.9368
11.9487
20.3683
15.6829
20.0705
18.2525
15.0018
18.4723
9.79391
22.437
14.9401
27.3135
14.9302
17.4326
19.107
14.5547
19.474
18.3691
17.4672
21.7319
14.662
22.0738
17.7836
13.8786
13.5843
20.0884
24.209
13.274
16.5829
24.2731
23.8778
14.0039
29.1732
20.4271
18.1895
21.5672
18.3689
18.1296
15.9581
11.0556
24.5035
18.2516
31.0291
17.4529
15.2289
16.2511
21.8492
26.3019
17.5017
28.4689
19.7424
19.4446
28.5933
18.1975
19.2865
28.8274
18.6279
20.3795
24.9406
19.9091
18.9419
21.2977
28.4493
12.7283
25.281
35.225
30.0469
26.1678
25.7408
24.1597
20.8721
22.3088
23.0246
31.5282
17.2117
21.2341
20.2353
32.1818
26.5294
19.5101
16.5805
26.9175
26.8692
23.9153
28.075
17.5624
19.3419
24.8346
19.9972
26.8761
29.785
25.0598
40.1529
26.3441
16.552
18.9869
15.4049
21.6874
27.5673
35.1433
22.1199
37.1242
26.9363
21.5658
32.1339
27.3499
25.0701
20.6654
24.5832
15.1778
20.6051
26.4067
30.2227
32.9855
29.3297
19.9463
28.0881
26.0465
24.9329
36.0873
26.7041
35.6468
40.6731
23.7035
28.8912
28.721
33.8681
25.483
30.4309
23.002
27.279
31.2627
36.4899
21.3989
21.0607
21.948
36.2408
20.4188
35.6647
31.5196
22.9676
29.4003
40.6777
18.9417
25.0862
28.1663
19.1899
31.8245
26.5119
32.0269
29.5119
23.3533
35.5704
27.8888
32.4531
36.4338
36.3997
29.7073
31.7104
28.2147
33.4953
30.4597
36.611
25.4582
30.946
34.0582
35.0222
36.5848
36.1451
30.3212
32.5267
32.2499
44.1854
32.789
29.1261
41.7231
35.5613
26.1989
32.3026
49.2131
32.4807
43.1431
17.8551
43.9293
30.7418
36.863
29.4718
50.1271
24.3027
28.9405
44.7527
49.0324
28.0602
38.1093
36.973
35.7024
25.5691
30.7953
26.3097
29.9227
29.917
41.743
29.9763
38.1189
40.7942
41.2368
38.2041
45.5793
26.3215
42.5303
36.8306
44.4712
36.5936
34.6964
39.1859
33.5016
35.5106
36.6685
37.5262
25.0899
37.0021
42.8831
40.4215
34.5357
31.4408
34.0484
22.3916
38.2456
28.6789
37.1581
35.2521
40.2987
53.9062
46.6335
46.6329
30.3951
49.7646
42.2432
43.7928
37.1941
39.0709
49.7218
61.2078
54.2907
41.2454
52.6549
52.9564
56.2541
44.645
36.3847
47.3621
47.083
52.1214
40.3512
41.3036
41.3507
29.9228
62.4593
52.1944
60.3412
44.0283
30.3865
49.4332
36.7855
44.4305
60.987
52.0959
38.7095
39.7306
49.0216
45.6374
44.7483
45.8586
43.1276
71.8113
37.3748
33.7407
47.7787
42.6127
64.4709
51.284
53.2974
45.4566
44.56
73.0325
59.9066
46.5134
47.7344
46.7024
61.4802
44.1466
47.4974
42.9456
53.9863
43.1385
46.0796
45.7878
38.985
45.5273
60.3027
84.4757
55.8653
45.209
52.8477
40.0929
42.9475
52.7732
68.1035
50.4474
63.8491
49.3507
50.5113
66.9502
53.8959
58.7925
49.0183
40.9463
49.5248
40.8609
56.9978
62.0915
63.4376
60.5805
45.6516
58.3378
53.4416
56.0367
70.3303
46.5095
50.7353
37.1472
51.367
66.055
49.9948
72.2886
61.4488
55.6924
75.6462
65.4035
61.0787
58.103
71.6982
60.6784
62.5267
69.439
65.9341
61.8738
65.7448
70.4598
66.6608
60.1451
51.2273
53.7561
87.7184
77.8229
62.841
58.5646
67.9617
61.5748
76.6523
70.9182
62.7096
61.2921
72.6002
58.8313
53.8129
54.0734
67.7797
66.1539
52.5547
60.6291
73.8686
79.4555
71.1368
63.8256
84.229
52.8943
78.628
73.0883
83.089
65.1943
71.7924
59.1505
72.1391
75.6115
79.1759
70.5477
70.6521
68.4904
65.8223
60.0436
63.3506
77.6693
77.7843
76.4039
76.2278
63.1817
75.2416
62.5682
86.8357
69.958
63.6728
80.5866
75.2077
83.2922
64.1928
75.8963
55.9945
85.0851
61.6634
74.5233
70.1515
66.8261
59.7518
77.3547
70.409
77.9511
82.7773
64.9972
60.7606
56.7091
78.7448
78.0232
85.3925
80.1357
85.8201
73.608
85.6193
79.5357
97.4297
87.347
66.8807
64.4955
75.4706
77.9779
89.3898
100.025
74.1077
80.4297
82.1392
96.4115
78.1459
111.255
84.6152
86.6955
99.3597
101.975
82.5199
86.3563
78.7001
82.5721
72.2979
109.958
100.863
78.8777
86.8227
107.469
87.8215
92.0899
94.1701
92.3833
77.6694
103.454
98.5196
87.1148
93.6372
83.9421
95.3278
92.0726
87.9328
86.1444
93.582
127.329
88.6111
91.9297
97.4911
124.875
100.647
104.325
97.4377
100.424
101.229
97.1606
106.48
109.243
90.4687
104.741
89.205
113.097
115.293
96.7197
85.4618
115.172
115.789
105.143
102.596
94.0422
81.3258
120.095
112.293
99.6254
102.41
127.575
110.233
106.729
118.508
111.801
112.341
98.8474
99.4424
106.487
129.508
94.9071
118.165
111.713
98.512
121.443
108.943
106.088
108.932
132.692
115.748
111.312
120.686
97.367
105.779
139.294
133.017
130.04
123.56
113.274
122.59
100.956
136.467
103.028
126.097
120.063
133.608
127.355
117.523
144.027
98.0504
121.102
107.069
122.132
135.991
136.565
112.04
115.605
114.32
122.848
131.875
140.13
142.112
110.803
128.649
120.871
122.273
149.079
122.942
102.238
127.084
111.044
165.082
118.753
140.342
126.027
97.8277
143.041
135.588
122.259
137.956
138.812
142.975
129.256
153.291
136.517
137.437
128.856
161.666
127.877
130.85
140.123
129.463
169.739
150.785
128.647
148.954
136.176
132.467
147.363
140.908
143.69
168.946
164.496
155.943
145.655
157.295
162.824
120.08
160.023
159.495
164.157
153.216
159.934
149.395
167.416
154.959
161.285
150.289
201.294
205.499
161.174
136.977
140.23
134.89
155.163
168.744
166.786
143.569
181.162
166.291
167.769
141.98
166.449
156.85
156.94
165.156
169.237
161.306
179.875
206.924
151.814
170.379
151.106
174.622
197.999
160.263
184.565
161.912
171.738
138.916
218.092
185.886
187.869
178.995
143.265
192.298
187.362
166.731
187.534
174.901
183.701
177.891
187.469
170.26
179.178
204.677
202.365
184.413
186.884
180.731
175.115
154.172
200.275
204.311
228.897
199.575
181.26
204.574
193.058
170.386
192.584
190.091
183.877
183.816
194.358
207.709
198.362
215.434
185.858
207.808
200.384
184.963
208.218
225.023
207.035
213.387
212.369
240.605
204.35
188.303
199.437
192.404
172.113
184.843
192.424
182.606
204.264
194.722
181.534
193.64
216.246
231.033
218.618
239.659
213.499
217.657
206.896
204.9
220.784
215.497
178.307
218.737
213.354
229.452
215.064
198.199
225.783
266.084
281.635
224.608
203.116
252.693
237.244
225.456
228.213
265.498
212.667
230.916
234.423
237.581
263.011
228.586
231.595
229.167
235.51
217.317
242.401
262.848
210.141
235.529
223.865
246.863
240.26
217.288
237.954
243.195
212.303
263.307
223.453
222.719
262.707
276.21
235.07
235.045
257.191
229.962
256.057
257.959
224.038
252.101
269.584
274.264
255.638
260.039
254.018
266.648
240.344
281.287
260.653
241.382
256.695
274.976
240.103
282.145
256.377
261
253.952
267.422
285.056
295.965
295.821
267.918
310.91
339.344
265.449
285.07
310.727
300.955
295.18
258.537
320.746
272.745
272.294
310.893
263.577
292.425
337.965
326.988
285.6
304.512
278.966
278.568
278.964
308.41
276.292
283.289
298.694
277.792
293.549
325.925
326.624
308.289
353.838
331.487
311.166
317.022
294.814
300.553
310.748
317.098
336.72
296.809
332.059
310.364
347.446
330.315
328.456
336.655
341.027
352.494
327.273
326.547
355.732
336.952
376.258
374.747
350.312
357.547
350.448
333.461
337.324
362.486
347.184
336.95
375.32
354.743
342.944
350.47
342.329
356.349
335.881
365.788
343.742
331.813
350.652
355.29
342.381
351.383
389.704
394.175
344.265
349.302
372.715
379.633
341.655
323.663
359.153
391.696
401.725
349.678
372.028
410.506
280.666
360.814
369.541
385.403
403.039
422.72
405.218
373.061
397.913
404.556
401.888
389.591
395.884
361.843
412.844
470.146
411.973
405.821
361.984
392.008
373.265
363.433
408.128
410.322
432.584
413.704
467.79
476.365
423.659
433.563
412.044
439.851
413.798
449.549
403.426
382.814
434.276
445.434
419.811
428.277
434.765
407.282
443.446
438.582
460.294
505.877
500.239
498.349
457.29
476.095
457.257
465.736
432.959
487.992
470.531
464.407
441.645
468.127
432.847
449.697
476.818
492.779
476.631
517.231
496.223
509.715
476.741
503.019
461.073
506.253
526.988
449.482
527.248
498.752
541.368
485.447
511.816
523.962
471.725
503.497
478.559
474.913
514.785
507.004
505.126
494.053
460.656
475.159
530.534
509.959
510.671
500.007
557.799
542.071
517.625
533.46
495.604
519.311
570.378
529.735
513.663
522.683
550.595
544.513
505.65
523.128
563.415
547.202
570.74
546.303
582.038
571.66
555.107
570.442
527.321
565.122
562.092
631.16
578.469
564.323
562.484
568.287
645.658
594.224
558.957
546.017
617.131
648.511
628.721
517.04
649.062
585.075
567.306
599.244
584.156
627.432
587.861
600.975
611.621
643.025
587.567
707.95
683.444
669.49
707.915
638.243
640.428
623.641
636.203
629.433
608.523
702.943
620.409
649.74
666.669
660.307
714.184
689.779
665.009
685.78
703.408
639.195
675.336
758.081
636.866
644.991
628.194
695.764
711.051
637.521
707.957
670.856
687.594
653.955
650.914
674.82
674.959
681.077
681.736
711.466
723.877
724.085
734.472
759.042
763.852
758.612
738.619
718.333
713.93
716.616
703.434
728.741
729.349
756.574
794.856
786.513
707.303
757.363
772.643
776.193
809.041
847.292
821.355
841.212
825.731
800.356
799.637
842.856
867.131
783.537
814.966
816.158
776.171
805.677
799.596
791.311
824.66
853.54
837.962
784.589
862.933
869.905
863.251
918.064
876.812
871.974
919.21
917.502
890.321
858.322
810.834
868.502
821.172
850.448
952.792
844.39
893.641
927.563
908.13
863.85
845.61
947.716
856.713
896.231
975.65
854.665
971.773
947.614
977.697
979.967
983.937
982.627
958.94
934.161
901.445
948.422
946.099
944.539
1023.52
962.607
885.46
1079.08
948.473
1076.04
1061.31
1045.54
1008.5
1025.46
1015.88
910.461
1043.61
1067.55
1023.89
971.147
1055.51
1007.72
1120.09
1078.81
1023.61
1118.56
1060.85
1080.37
1086.59
1056.09
1132.31
1097.58
1122.81
1168.56
1044.05
1183.88
1122.28
1143.5
1136.15
1107.09
1214.11
1211.17
1164.45
1143.96
1146.35
1136.85
1149.43
1140.66
1247.66
1136.7
1248.98
1248.27
1191.09
1244.04
1150.36
1154.42
1212.83
1183.26
1193.62
1205.32
1216.38
1304.68
1266.03
1302.67
1279.49
1305.94
1253.21
1198.08
1373.76
1343.43
1238.23
1318.29
1334.26
1305.21
1296.15
1397.05
1393.43
1368.8
1377.33
1407.27
1343.38
1474.26
1460.81
1380.53
1353.86
1381.97
1402
1336.27
1325.3
1335.33
1445.61
1440.58
1453.16
1395.11
1414.18
1538.93
1372.37
1490.87
1606.31
1516.28
1465.94
1493.69
1544.62
1502.72
1573.44
1610.39
1485.63
1538.85
1465.17
1599.69
1626.55
1612.08
1644.38
1537.38
1561.66
1576.51
1566.97
1631.6
1570.17
1592.15
1687.57
1653.12
1640.46
1833.58
1781.78
1718.71
1751.22
1710.72
1696.21
1775.3
1738.07
1786
1692.43
1716.35
1736.57
1782.09
1800.15
1787.49
1843.88
1796.52
1964.64
1923.34
1840.45
1963.16
1920.71
1761.31
1809.91
1774.53
1848.04
1912.47
1991.41
1958.47
1981.47
2015.23
2038.28
1971.31
2037.36
2132.62
2081.6
2042.73
2040.54
1994.58
1990.82
2072.08
2100.97
2181.24
2148.51
2064.98
2092.29
2176.73
2188.02
2177.07
2275.59
2132.16
2150.6
2269.41
2345.15
2286.07
2257.29
2294.37
2357.67
2337.11
2439.89
2264.53
2335.87
2366.4
2361.2
2329.6
2501.25
2323.3
2591.91
2423.29
2430.17
2582.06
2498.82
2648
2579.45
2642.45
2543.84
2704
2707.02
2690.73
2690.72
2795.63
2610.98
2604.24
2684.21
2648.4
2790.26
2716.95
2747.23
2760
2967.85
2891.53
2835.22
3000.74
2987.62
2919.38
2945.54
2921.48
2940.22
3096.77
3024.9
3140.13
3077.23
3068.07
3189.41
3283.42
3020.17
3242.96
3222
3394.85
3223.7
3267.31
3195.35
3217.6
3305.48
3377.47
3328.32
3351.3
3412.49
3599.54
3489.86
3369.7
3468.81
3540.04
3608.96
3713.55
3629.22
3653.49
3716.93
3682.03
3637.79
3712.37
3771.97
3847.05
3866.25
3893.8
3882.86
3937.04
4050.11
4046.36
4059.38
4093.63
3919.7
4125.94
4164.4
4177
4246.58
4196.05
4339.62
4340.64
4347.75
4431.47
4492.51
4394.67
4344.58
4629.01
4625
4767.11
4588.66
4653.18
4610.06
4852.04
4768.03
4915.47
4806.47
4889.72
5178.7
4881.1
5124.09
5141.87
5101.44
5126.8
5283.27
5326.31
5246.71
5243
5456.71
5245.62
5299.27
5492.39
5391.83
5738.99
5682.43
5821.96
5869.21
5828.4
5812.8
5968.14
5928.69
6124.47
6068.49
6006.63
6024.03
6235.38
6348.66
6418.11
6232.52
6443.18
6428.61
6608.72
6545.63
6655.95
6734.65
6671.36
6767.51
6460.69
6440.33
6159.54
5445.39
4549.03
3627.15
2711.77
1699.99
1059.18
618.308
289.588
147.315
45.5862
16.3056
3.06302
0.504024
0.373434
0
0
0
0
0
0
0
0
0
0
0
0
0
0
0
0
0
0
0
0
0
0
0
0
0
0
0
0
0
0
0
0
0
0
0
0
0
0
0
0
0
0
0
0
0
0
0
0
0
0
0
0
0
0
0
0
0
0
0
0
0
0
0
0
0
0
0
0
0
0
0
0
0
0
0
0
0
0
0
0
0
0
0
0
0
0
0
0
0
0
0
0
0
0
0
0
0
0
0
0
0
0
0
0
0
0
0
0
0
0
0
0
0
0
0
0
0
0
0
0
0
0
0
0
0
0
0
0
0
0
0
0
0
0
0
0
0
0
0
0
0
0
0
0
0
0
0
0
0
0
0
0
0
0
0
0
0
0
0
0
0
0
0
0
0
0
0
0
0
0
0
0
0
0
0
0
0
0
0
0
0
0
0
0
0
0
0
0
0
0
0
0
0
0
0
0
0
0
0
0
0
0
0
0
0
0
0
0
0
0
0
0
0
0
0
0
0
0
0
0
0
0
0
0
0
0
0
0
0
0
0
0
0
0
0
0
0
0
0
0
0
0
0
0
0
0
0
0
0
0
0
0
0
0
0
0
0
0
0
0
0
0
0
0
0
0
0
0
0
0
0
0
0
0
0
0
0
0
0
0
0
0
0
0
0
0
0
0
0
0
0
0
0
0
0
0
0
0
0
0
0
0
0
0
0
0
0
0
0
0
0
0
0
0
0
0
0
0
0
0
0
0
0
0
0
0
0
0
0
0
0
0
0
0
0
0
0
0
0
0
0
0
0
0
0
0
0
0
0
0
0
0
0
0
0
0
0
0
0
0
0
0
0
0
0
0
0
0
0
0
0
0
0
0
0
0
0
0
0
0
0
0
0
0
0
0
0
0
0
0
0
0
0
0
0
0
0
0
0
0
0
0
0
0
0
0
0
0
0
0
0
0
0
0
0
0
0
0
0
0
0
0
0
0
0
0
0
0
0
0
0
0
0
0
0
0
0
0
0
0
0
0
0
0
0
0
0
0
0
0
0
0
0
0
0
0
0
0
0
0
0
0
0
0
0
0
0
0
0
0
0
0
0
0
0
0
0
0
0
0
0
0
0
0
0
0
0
0
0
0
0
0
0
0
0
0
0
0
0
0
0
0
0
0
0
0
0
0
0
0
0
0
0
0
0
0
0
0
0
0
0
0
0
0
0
0
0
0
0
0
0
0
0
0
0
0
0
0
0
0
0
0
0
0
0
0
0
0
0
0
0
0
0
0
0
0
0
0
0
0
0
0
0
0
0
0
0
0
0
0
0
0
0
0
0
0
0
0
0
0
0
0
0
0
0
0
0
0
0
0
0
0
0
0
0
0
0
0
0
0
0
0
0
0
0
0
0
0
0
0
0
0
0
0
0
0
0
0
0
0
0
0
0
0
0
0
0
0
0
0
0
0
0
0
0
0
0
0
0
0
0
0
0
0
0
0
0
0
0
0
0
0
0
0
0
0
0
0
0
0
0
0
0
0
0
0
0
0
0
0
0
0
0
0
0
0
0
0
0
0
0
0
0
0
0
0
0
0
0
0
0
0
0
0
0
0
0
0
0
0
0
0
0
0
0
0
0
0
0
0
0
0
0
0
0
0
0
0
0
0
0
0
0
0
0
0
0
0
0
0
0
0
0
0
0
0
0
0
0
0
0
0
0
0
0
0
0
0
0
0
0
0
0
0
0
0
0
0
0
0
0
0
0
0
0
0
0
0
0
0
0
0
0
0
0
0
0
0
0
0
0
0
0
0
0
0
0
0
0
0
0
0
0
0
0
0
0
0
0
0
0
0
0
0
0
0
0
0
0
0
0
0
0
0
0
0
0
0
0
0
0
0
0
0
0
0
0
0
0
0
0
0
0
0
0
0
0
0
0
0
0
0
0
0
0
0
0
0
0
0
0
0
0
0
0
0
0
0
0
0
0
0
0
0
0
0
0
0
0
0
0
0
0
0
0
0
0
0
0
0
0
0
0
0
0
0
0
0
0
0
0
0
0
0
0
0
0
0
0
0
0
0
0
0
0
0
0
0
0
0
0
0
0
0
0
0
0
0
0
0
0
0
0
0
0
0
0
0
0
0
0
0
0
0
0
0
0
0
0
0
0
0
0
0
0
0
0
0
0
0
0
0
0
0
0
0
0
0
0
0
0
0
0
0
0
0
0
0
0
0
0
0
0
0
0
0
0
0
0
0
0
0
0
0
0
0
0
0
0
0
0
0
0
0
0
0
0
0
0
0
0
0
0
0
0
0
0
0
0
0
0
0
0
0
0
0
0
0
0
0
0
0
0
0
0
0
0
0
0
0
0
0
0
0
0
0
0
0
0
0
0
0
0
0
0
0
0
0
0
0
0
0
0
0
0
0
0
0
0
0
0
0
0
0
0
0
0
0
0
0
0
0
0
0
0
0
0
0
0
0
0
0
0
0
0
0
0
0
0
0
0
0
0
0
0
0
0
0
0
0
0
0
0
0
0
0
0
0
0
0
0
0
0
0
0
0
0
0
0
0
0
0
0
0
0
0
0
0
0
0
0
0
0
0
0
0
0
0
0
0
0
0
0
0
0
0
0
0
0
0
0
0
0
0
0
0
0
0
0
0
0
0
0
0
0
0
0
0
0
0
0
0
0
0
0
0
0
0
0
0
0
0
0
0
0
0
0
0
0
0
0
0
0
0
0
0
0
0
0
0
0
0
0
0
0
0
0
0
0
0
0
0
0
0
0
0
0
0
0
0
0
0
0
0
0
0
0
0
0
0
0
0
0
0
0
0
0
0
0
0
0
0
0
0
0
0
0
0
0
0
0
0
0
0
0
0
0
0
0
0
0
0
0
0
0
0
0
0
0
0
0
0
0
0
0
0
0
0
0
0
0
0
0
0
0
0
0
0
0
0
0
0
0
0
0
0
0
0
0
0
0
0
0
0
0
0
0
0
0
0
0
0
0
0
0
0
0
0
0
0
0
0
0
0
0
0
0
0
0
0
0
0
0
0
0
0
0
0
0
0
0
0
0
0
0
0
0
0
0
0
0
0
0
0
0
0
0
0
0
0
0
0
0
0
0
0
0
0
0
0
0
0
0
0
0
0
0
0
0
0
0
0
0
0
0
0
0
0
0
0
0
0
0
0
0
0
0
0
0
0
0
0
0
0
0
0
0
0
0
0
0
0
0
0
0
0
0
0
0
0
0
0
0
0
0
0
0
0
0
0
0
0
0
0
0
0
0
0
0
0
0
0
0
