0
73.1598
75.1703
53.965
55.4273
0
0
27.7875
26.9416
13.8632
0
18.9562
0
7.18531
61.7985
10.2512
29.6496
19.6498
121.203
9.8896
56.1436
31.8536
28.8976
45.6953
6.31054
15.7722
12.7805
4.01184
0
18.0348
0
0
28.3203
0
0
0
0
0
0
0
0
0
0
0
15.8752
0
0
0
0
0
17.2371
18.7532
0
0
0
0
0
0
0
0
0
0
0
0
0
0
0
0
0
0
0
0
0
0
0
0
0
0
0
0
0
0
0
0
0
0
11.5189
0
0
0
0
0
0
0
0
0
0
30.4281
0
0
0
0
0
0
0
0
0
0
0
0
39.0526
0
0
0
0
0
0
0
0
28.8343
0
0
0
0
0
0
0
0
0
0
0
0
0
0
0
0
0
0
12.4103
0
0
0
0
0
0
18.7532
0
0
0
0
0
0
0
0
0
0
0
0
0
0
0
0
0
0
0
0
0
0
0
0
0
0
0
0
0
0
0
0
0
8.71828
0
0
0
0
0
0
0
0
0
5.89985
0
0
10.2248
0
0
0
0
0
0
0
0
0
0
0
0
0
0
0
35.1512
0
0
0
0
0
0
0
0
0
10.2964
0
0
0
0
0
0
0
0
0
0
0
0
0
0
0
0
0
0
0
0
0
0
25.0144
0
0
5.82706
0
0
0
0
0
0
0
0
0
0
0
0
0
0
0
0
0
0
0
0
26.3358
0
0
0
38.4925
0
0
0
11.3606
0
0
0
0
0
0
0
0
0
16.4848
0
0
0
0
0
0
0
0
0
0
0
0
0
0
0
0
0
0
0
0
0
0
0
0
0
0
0
0
0
0
0
0
0
0
0
0
0
0
0
0
0
0
0
0
0
12.8909
29.6516
0
15.3584
0
0
0
0
0
0
0
0
0
0
0
0
0
0
0
0
7.70877
30.7518
0
0
0
0
0
10.3709
0
0
0
0
0
0
0
0
0
0
0
0
0
0
0
0
0
0
0
14.3197
0
0
0
0
0
0
0
0
0
0
0
0
0
0
0
0
0
0
0
0
0
0
0
11.7538
0
0
0
6.82431
0
0
0
0
0
0
0
13.0865
0
0
0
0
0
0
0
0
0
0
0
0
0
0
0
0
0
0
10.908
0
16.8002
0
0
0
0
0
0
0
0
0
0
0
0
0
0
0
0
9.91514
0
17.4553
0
0
0
0
0
0
0
0
0
0
0
0
0
0
0
0
0
0
0
0
0
7.03062
0
0
0
1.93561
0
0
0
0
0
15.9819
0
0
0
0
0
42.6044
0
0
0
0
0
0
0
0
0
0
0
0
0
0
0
0
0
0
7.76754
0
55.3641
0
0
0
0
0
0
0
0
31.7537
0
0
0
0
0
0
0
0
0
0
1.76672
0
0
0
0
0
0
0
0
0
0
0
0
0
0.0272929
0
0
6.47923
0
0
0
0
0
0
0
0
7.34135
0
0
0
0
0
0
0
0
0
0
0
0
0
0
0
0
0
0
0
0
0
0
0
0
0
0
0
0
0
0
0
0
0
0
0
35.4172
0
0
0
0
0
0
0
0
0
0
0
0
0
0
0
0
0
10.3054
0
0
0
0
0
0
0
0
0
0
22.1567
0
0
0
0
0
0
0
0
0
0
0
0
0
0
0
0
5.53199
0
0
0
7.49413
0
0
0
0
0
0
0
0
0
0
0
0
0
0
0
0
0
0
0
0
0
0
0
0
0
0
0
0
0
0
0
0
0
1.77728
0
0
0
0
0
0
0
0
0
0
0
0
0
0
0
0
0
0
0
0
0
0
0
0
0
0
0
0
0
0
0
0
0
0
0
0
0
0
0
0
0
0
0
0
0
0
0
0
0
0
0
0
0
0
0
0
0
0
0
20.1164
0
0
0
0
0
0
0
0
0
0
0
17.9919
0
0
0
0
0
0
0
0
0
0
0
0
0
0
0
0
0
0
0
0
0
0
0
0
0
0
0
0
0
0
0
0
0
0
0
0
0
0
0
0
0
0
0
0
1.01515
0
0
46.0713
0
0
0
0
0
0
0
0
0
0
0
0
0
0
0
58.6138
0
0
0
0
0
0
0
0
0
0
0
0
0
0
0
0
0
0
0
0
0
0
0
0
0
0
0
0
0
0
0
0
0
0
0
37.1898
0
0
0
0
0
0
0
0
0
0
0
0
0
0
0
0
0
0
14.9705
0
0
0
0
0
0
0
0
0
5.03436
0
0
0
0
0
6.14838
0
0
0
0
0
0
0
0
0
0
0
0
0
0
0
0
0
0
0
0
0
0
0
0
8.83673
0
0
0
0
0
0
0
0
0
0
0
0
0
0
0
0
17.7077
0
0
0
0
0
0
0
0
0
0
0
0
0
0
0
0
0
0
0
0
0
0
0
0
0
0
0
0
0
0
0
0
0
0
0
0
0
0
0
0
0
0
0
0
0
0
0
0
0
0
0
0
0
0
0
0
0
0
0
0
0
0
0
0
0
0
0
0
0
0
0
0
0
0
0
0
0
0
0
0
0
0
0
0
0
0
0
0
0
0
0
0
0
0
0
0
0
0
0
0
0
0
0
0
0
0
0
0
0
0
0
0
0
0
0
0
0
0
0
0
0
0
0
0
0
0
0
0
0
0
0
0
0
0
0
0
0
0
0
0
0
0
0
0
0
0
0
0
0
0
0
0
0
0
0
0
0
0
0
0
0
0
0
0
0
0
0
0
0
0
0
0
0
0
0
0
0
0
0
0
0
0
0
0
0
0
0
0
0
0
0
0
0
0
0
0
0
0
0
0
0
0
0
0
0
0
0
0
0
0
0
0
0
0
0
0
0
0
0
0
0
0
0
0
0
0
0
0
0
0
0
0
0
0
0
0
0
0
0
0
0
0
0
0
0
49.7935
0
0
0
0
0
0
0
0
0
0
0
0
0
0
0
0
0
0
0
0
0
0
0
0
0
0
0
0
0
0
0
0
0
0
0
0
0
0
0
0
0
0
0
0
10.5106
0
0
0
0
0
0
0
0
0
0
0
0
0
0
0
0
0
0
0
0
0
0
0
0
0
0
0
0
0
0
0
0
0
0
0
0
0
0
0
0
0
0
13.7337
0
0
0
0
0
0
0
0
0
0
0
0
0
0
0
0
0
0
0
0
0
0
0
0
0
0
0
0
0
0
0
0
0
0
0
0
0
0
0
0
0
19.407
0
0
0
0
0
0
0
0
0
0
0
0
0
0
0
0
0
0
0
0
0
0
0
0
0
0
0
0
0
0
0
0
0
0
0
0
0
0
0
0
0
0
0
0
0
0
0
0
0
0
0
0
0
0
0
0
0
0.0138718
0
0
0
0
0
0
0
0
0
0
0
0
0
0
0
0
0
0
0
0
0
0
0
0
0
0
0
0
0
0
0
0
0
0
0
0
0
0
0
0
0
0
0
0
0
0
0
0
0
0
0
0
0
0
0
0
0
0
0
0
0
0
0
0
0
0
0
0
0
0
0
0
0
0.0486459
0
0
0
0
0
0
0
0
0
0
0
0.00629156
0
0
0
0
0
0
0
0
0
0
0
0
0
0
0
0
0
0
0
0
0
0
0
0
0
0
0
0
0
0
0
0
0
0
0
0
0
0
0
0
0
0
0
0
0
0
0
0
0.139861
0
0
0
0
0
0
0
0
0
10.181
0
0
0
0
0
0
0
0
0
0
0
0
0
0
0
0
0
0
0
0
0.00155005
0
0
0
0
0
0
0.10874
0
0
0
0
0
0
0
0
0
0
0.920169
0
0
0
0
0
0
0
0
0
0
0
0
9.03025
0
0
0
0
0
0
0
0
0
0
0
0
0
0
0
0
0
0
0
0
0
0
0
0
0
0
0.0159098
0
0
0
0
0
0
0
0
0
0
0
0
0
0
0
0
0
0
0
0
0
0
0
0
0
0
0
0
0
0
0
0
0
0
0
0
0
0
0
0
0
0
0
0
0
0
0
0
0
0
0
0
0
0
0
18.1773
0.0106111
0
0
0
0
0
0
0
0
0
0
0.390925
0
0
0
0
0
0
0
0
0
0
0
0
0
0
0
0
0
0
0
0
0
0
0
0
0
0
0
0
0
0
0
0
0
0
0
0
0
0
0
0
0
0
0
0
0
0
0
0.186794
0
0
0
0
0
0
0
0
0
0
0
0
0
0
0
0
0.00356276
0
0
0
0
0
0
0
0
0
0
0
0
0
0
0
0
0
0
0
0
0.173527
0
0
0
0
0
0
0
0
0
0
0
0
0
0
0
0
0
0
0
0
0
0
0
0.382515
0
0
0
0
0
0
0
0
0
0
0
0
0.0389172
0.166495
0
0
0
0
0
0
0
0
0.062087
0
25.5008
0
0
0
0
0
0
0
0
0
0
0
0
0
0
0
0
0
0.0545292
0
0.00518409
0
0
0
0
0
2.46754
0
0
0
0
0
0
0
0
0.0663241
0
0
0
3.85684
0.187102
0
0
0
0
0
0
0
0
0
0
0.0417834
0
0
0
0
0
0
0
0
0
0.0173548
0
0
0
0
0
0
0
0
0
0
0
0
0
0.0826874
0
0
0
0
0
0
0
0
0
0
0
0
0
0.279657
0
0
0
0
0
0
0
0
0
0
0
0.000103315
0
0
0
0
0
0
0
0
0
0
0
0
0
0
0
0
0
0
0
0
0
0
0
0
0
0.10193
0
0
0
0
0
0
0
0
0
0
0
0
0
0
0
0.241608
0
0
0
0
0
0.0283036
0
0
0
0
0
0
0
0
0
0
0.465497
0
0
0
0
0
0
0
0
0.281056
0
0
0
0
0
0
0
0
0
0.329465
0
0
0
0
0
0
0
0
0
0
0
0
0
0
0
0
0
0
0
0
0
0
0
0
0
0
0
7.64485
0
0
9.90198
0
0
0
0
0
0
0
0
0
0
5.82134
0
0
0
0
0
37.2459
0
0
0
0
0
0.826256
0
0
0
1.56151
0
0
0
2.16249
0
0
0
0
1.99721
0
0
0
0
0.211479
0.61118
0
0
0
0.476185
0
0
0
0
0
0.221521
0
0
0
0
0
0.300351
0
1.40854
0
0
0
0
0
0
0.592794
0
0.643134
0
0
0
0
0
0
0
0
3.44112
0
0
0
0
0.115237
0
0
0
0
0
0.0478505
0
0
0
0
0
0
0
0
0.0748806
0
0
0
0.00284074
0
0.234299
0
0
1.35723
0
0
0.475316
0
0
0.514911
0
0
0
0
1.39373
0
0
0.544046
0.0177001
1.02325
0
0
76.3025
0
0.670719
0
0
0
0.00757758
0.15969
0.404731
0
0
0
0
0
1.50243
0
0.885014
0.183137
0
0
0
0
0
0
1.14055
0
0
0
0.747437
0.0624499
0.683053
0.34177
0.710494
0
0
0
6.78391
0
0
1.59409
1.0958
0
3.81788
0.539773
0
0
0
0
2.87781
0
0
0
0
0.235669
0.122943
0.00432345
0
0.760686
10.3601
0
0
0
0
0
0
0
0.598578
0
9.23578
2.44592
0
0
0
0
2.39947
0
0
2.5978
0.989717
0
1.96061
0.00819416
0
0
0
0
0.633597
0
0
0
0
5.64101
0
1.13857
0.548989
0
0
0
1.4048
0
0
0
0
0
6.6795
1.08051
1.48138
0
0
0.304778
0
0
0.104325
0
0
0.696862
0
0
0
0.662328
0
0
5.89374
0
0
1.59387
0
1.46269
11.7646
0
0
0.553328
1.43497
0
0
7.88739
0
0
0
7.35583
0
2.38384
0
0
0.632886
0
0
0.168623
0
0
0.460572
0
0
2.64334
0
0
0.875151
1.51985
24.361
0
0
0.224915
0
0
0.14748
0.534361
0
0
3.84741
0.886042
0.215773
1.39356
0
0
0
2.32428
0.125939
0
51.8854
0
0
7.71583
0
0.948115
28.897
1.88384
0.495067
26.0389
0
0
0
0
0
0.241735
0
0
0
3.03518
0
0
0
0
0
0.374029
0.311669
0
0
0
0
12.166
0.0301045
0.497817
6.13959
1.76823
3.58975
0
0
3.24475
0
0
0
0
1.90541
9.03067
0
0.385567
0
35.3086
0
1.97921
0
0
0
0.7908
0.281377
3.38156
0.640793
0
0.438625
0.758544
1.55345
0
0
1.10274
7.6915
1.5246
0.184388
0
2.06886
0.587182
0.201723
0
19.9645
0.0017531
2.9007
0
0
3.77515
6.15656
0
10.1491
2.17398
0
0.585606
0.664543
0.460702
0
1.31032
0.894723
3.90245
0.548135
0
0
0.0246933
3.4535
6.07261e-05
1.18613
1.53354
0
1.1183
0
0.590855
37.247
0
0
0
0.836284
0
1.44918
0
1.13139
3.09522
1.22167
0.853278
0
18.3971
0.460625
0
2.06318
0.799939
0.408734
0
0
3.27942
1.18277
2.10974
6.21656
0.766485
22.7137
1.10642
15.6279
0
6.60555
0
0
1.28289
18.8122
19.2289
0.869609
0
0
0.0689842
0.195958
0
0
43.478
0
0
0
2.84688
0
2.32999
0
0.885521
3.08342
0
0
37.4756
0.768894
14.6578
0
2.8749
0
0
0
0
1.75792
0
14.7939
2.86226
0
0
4.2564
6.30606
0
0
0
19.6227
16.7702
0
2.23334
0
2.32095
0.71483
1.53049
53.5077
1.64673
0
0.507593
0
3.0739
1.99528
0
2.10228
42.2243
0
0
1.30461
35.4207
0.892664
0
0
0.0131486
11.8307
2.47973
0
0.359831
0
2.62805
0.942231
3.44747
0.911806
0
26.8001
0.334
12.6498
0.834173
4.6028
0.769577
0
2.18991
8.70125
1.20621
29.7167
0
0
0.270808
0.891055
0.807682
0
1.05257
0
3.80035
0
0.878474
14.5495
4.02318
7.95705
21.1062
42.7703
13.1
0.659481
13.4609
0
1.26511
0
0
37.8221
57.7646
4.57755
9.6548
13.8082
5.51339
56.8261
0
0.000831672
0.687322
3.0079
2.14303
47.4889
1.99995
0
11.8967
6.8703
0
0
0
5.20873
1.02654
0
5.54789
0.820451
2.05429
0.290509
74.4207
0.840195
3.26861
0.77724
8.85687
12.9848
9.57211
0.718899
4.11917
1.21192
6.05377
0
7.15394
19.9804
3.43061
3.9358
4.46899
1.15702
4.04041
19.6745
20.1359
10.6137
7.42287
21.2179
71.9085
2.98301
11.5737
1.6702
1.60052
0
36.631
0
1.53101
5.84595
1.3449
7.91861
39.9574
2.20938
4.42798
22.7566
24.3566
2.94874
5.3752
13.5645
0
1.25017
3.37135
1.20057
93.6836
48.3797
22.1755
3.73033
1.33593
1.34544
1.12763
6.1938
10.7361
28.7478
0
0.620346
7.12226
1.45769
5.35784
7.12561
0.248933
2.24185
1.33539
1.38002
4.60233
23.8164
1.2897
3.41852
0.167103
4.16328
4.28822
15.0178
0
34.4884
0.783411
3.97605
24.9767
2.90686
3.32427
0
12.0889
8.02803
1.89804
15.3929
4.07414
82.1767
0
7.89588
29.367
3.78643
8.58869
18.735
3.19724
2.58909
1.56073
8.29722
13.7356
5.77886
58.5857
0
15.8566
38.0354
1.57791
7.34188
3.75536
16.136
6.57549
0
32.5473
7.47441
40.0102
11.4444
4.26929
0.322002
34.7312
4.88675
1.84862
2.27823
5.8495
8.50182
2.92885
4.52524
49.6743
2.2491
2.65111
89.2771
1.82914
1.92378
11.6747
20.0928
3.47285
43.5372
21.4849
10.5294
34.0207
1.966
38.2227
1.61954
1.5284
0
0
0.165745
10.353
0
0
4.3735
46.09
8.80361
3.70211
8.87072
17.8367
23.129
8.74109
3.58864
31.6967
22.2123
1.32708
7.22182
2.28233
14.4686
16.3226
12.4186
108.802
47.2827
5.57565
5.32513
0.422491
3.41423
6.53176
17.4663
18.0102
1.19694
8.8736
2.21541
4.66544
2.96915
0
9.49418
16.3477
1.81383
5.55902
5.69729
7.18115
1.62423
19.7928
20.3261
0.00808476
39.0239
28.6066
27.4367
3.50352
0
56.5442
14.212
3.58499
0.891099
33.566
1.83082
14.1083
44.17
103.985
50.0159
7.53492
123.096
29.4662
3.24593
12.4516
10.651
77.8226
10.4356
5.13929
1.67957
17.4243
16.1772
19.3493
11.9354
28.9765
22.8212
36.7272
4.08841
56.592
30.4923
32.6304
7.19681
0.863233
11.9358
4.58253
77.8772
10.8234
37.0558
8.44205
12.7832
47.516
5.30393
15.944
2.4093
10.0468
6.11625
0.787573
3.33464
97.8392
12.6427
26.2309
74.144
33.8426
19.9085
0
39.2955
0
5.23058
30.7841
49.6595
29.6706
17.5114
36.7217
30.7553
16.4848
79.636
9.14672
37.9448
90.8415
51.5421
55.7189
20.1213
16.1801
11.3239
5.07121
46.6144
19.0906
14.4317
8.87377
38.1815
4.32866
15.5785
10.9785
5.44534
43.7266
39.2608
54.0117
22.7151
19.469
14.8246
8.02729
31.9174
12.7511
2.50623
0.00266384
15.4315
4.12116
24.4206
6.41906
1.59838
34.2027
4.69958
27.5752
39.5581
56.8578
5.23169
6.49616
3.83879
62.8539
15.9436
41.6293
3.37892
45.2665
13.9908
12.7935
22.2364
65.9011
40.1115
40.0515
22.823
39.1274
0.281477
42.421
19.58
69.5942
6.42989
57.1553
31.5028
5.01986
6.93379
12.6164
59.8169
34.4052
15.6291
50.9555
2.93068
22.9007
0.539697
41.9758
25.816
32.4035
67.3615
17.1925
0
25.5485
38.7607
13.775
19.8724
56.3986
15.8105
43.6056
17.6597
19.5536
43.2435
22.7799
13.3506
1.56211
25.2261
38.0838
52.8957
34.9685
16.3219
91.0798
7.72048
54.5196
44.7787
63.3759
66.0589
82.0729
61.6837
47.1736
21.368
8.47404
3.94473
82.722
54.0311
18.7743
31.026
45.3171
45.1577
25.7725
9.90277
14.1647
8.56912
20.3142
0.672359
31.5849
37.9273
23.2668
28.8924
15.1471
5.30482
29.2066
103.379
47.8918
145.007
134.667
27.6805
16.1843
48.1374
22.4699
41.5866
103.781
28.2555
18.754
46.056
124.954
59.5066
66.9213
33.0062
41.0368
41.7725
23.9369
2.19018
14.2794
72.7322
27.0251
57.2296
55.1758
69.1643
51.4649
32.3769
67.2765
4.60805
28.5841
98.8132
18.2689
27.1544
25.9741
5.5905
18.0546
24.9854
16.7214
32.8916
79.3707
36.9196
41.9689
130.744
67.233
33.0831
51.9365
27.1245
56.0045
62.2485
117.352
27.7581
7.32603
31.9836
61.859
42.3718
58.2161
35.4315
25.7607
84.2976
54.5952
22.9625
70.8818
34.2668
30.0992
92.0496
9.48486
17.5776
136.696
73.1548
41.9726
129.887
80.2174
36.8668
33.3429
19.497
26.8111
38.3304
90.7645
54.0317
86.6878
8.75157
92.5972
157.058
42.7451
24.5431
52.9312
81.1344
19.3406
23.2401
39.0475
35.2875
65.8819
110.195
21.1312
77.4606
77.4783
70.9406
52.4326
65.4696
168.882
29.671
36.466
26.8674
27.5098
33.9247
20.2353
54.7212
95.042
77.9207
151.651
64.2352
102.007
75.4307
17.2185
46.7688
10.1022
58.4737
79.3722
24.8897
47.3475
151.225
76.0541
42.4286
76.1297
12.159
37.9305
40.8031
55.8847
22.5132
133.327
23.9371
115.576
124.181
95.6264
20.533
85.1862
52.7625
28.6289
133.281
132.343
16.4527
154.363
104.859
90.9402
35.3358
173.771
22.8287
44.6328
97.1634
86.2143
250.22
125.026
30.6497
42.841
80.7731
31.5713
118.755
178.621
39.9656
102.959
74.8525
26.6309
143.596
88.554
89.8554
55.6189
155.166
92.5653
76.1974
89.698
34.7178
120.151
86.8338
90.4346
121.075
67.5528
108.468
138.647
64.0755
54.788
72.6969
86.8823
47.0998
45.7286
43.2091
42.6299
158.92
172.42
198.538
326.615
40.4185
68.3399
36.3124
88.4705
126.793
124.311
65.3077
57.7664
59.5475
104.587
134.155
91.478
93.0948
44.4111
167.537
65.4175
196.129
123.481
85.1899
50.6997
165.136
114.973
60.6725
41.3407
87.97
179.589
114.807
97.6247
92.7253
38.2356
154.46
121.348
110.244
141.336
135.091
213.542
142.392
18.7202
78.9404
67.838
108.121
77.5892
73.2399
127.819
126.14
101.944
89.2504
77.5198
107.442
121.311
61.2476
124.018
70.3835
50.8771
89.984
145.448
109.539
33.3079
106.275
49.4917
111.919
108.609
62.1306
161.556
29.1772
119.526
216.526
100.262
129.536
72.2843
44.8949
67.2914
198.999
191.967
123.61
52.312
55.8758
154.903
148.325
86.946
165.511
38.6709
159.299
51.0541
89.7934
151.168
60.2317
97.4265
166.232
188.795
269.807
125.957
78.8661
73.4596
72.8518
162.646
105.306
50.8713
193.195
125.72
142.547
131.219
144.077
74.2291
200.402
133.08
100.733
27.7809
35.6377
347.787
167.723
49.0575
127.124
77.9757
83.0192
119.94
139.38
212.048
169.057
155.257
88.4036
82.0025
29.7516
142.126
134.891
118.768
112.177
138.146
137.772
208.938
47.1884
163.419
62.6893
197.133
145.121
302.276
168.529
83.4784
117.949
69.5445
114.803
293.414
107.863
287.274
199.751
234.048
193.061
252.323
111.659
80.3569
139.126
104.803
110.732
233.875
244.958
77.9301
112.633
84.9494
110.437
180.487
173.585
148.33
136.203
170.015
76.2124
199.224
179.006
253.976
145.202
182.206
322.357
103.226
188.606
251.457
322.614
200.612
118.023
225.81
203.661
136.395
125.963
100.763
210.275
253.152
95.7851
162.574
166.61
74.137
145.205
121.461
178.269
108.511
167.236
13.6029
123.03
219.189
103.534
193.692
122.578
216.983
76.7453
223.151
138.521
261.198
165.478
153.057
258.668
260.879
155.504
184.817
111.952
243.919
81.3622
223.313
108.245
186.657
274.163
163.559
178.485
216.59
240.988
115.202
143.947
317.822
226.288
159.822
167.285
282.144
200.937
156.411
196.329
61.5392
273.33
160.139
173.562
295.28
206.566
470.732
299.809
222.128
271.837
202.83
208.541
160.161
376.671
357.087
190.965
322.93
150.791
170.036
290.722
115.278
183.246
136.686
98.1267
291.744
137.599
188.586
241.129
200.236
78.2796
524.495
259.207
257.459
249.82
187.326
196.079
221.641
113.043
263.366
252.081
406.243
295.559
243.363
251.232
373.312
234.019
178.293
172.536
200.85
313.23
188.436
304.785
209.358
285.266
185.215
261.443
267.616
256.297
547.697
251.611
186.967
238.066
432.084
290.758
177.512
78.0534
247.616
220.049
250.398
272.643
341.214
324.655
365.326
283.911
307.397
175.751
304.447
330.002
328.377
194.033
420.903
194.83
252.793
276.735
217.342
260.856
295.927
273.331
324.176
187.057
277.31
335.982
334.146
325.354
400.521
279.348
260.757
108.243
371.179
311.565
388.602
311.196
320.157
371.888
111.706
374.007
213.849
521.417
241
311.756
250.585
331.551
271.264
326.729
234.405
277.381
295.815
206.966
367.2
426.533
477.127
268.776
370.417
347.349
352.511
296.539
422.462
480.765
315.59
444.401
253.372
441.967
348.448
273.524
343.202
172.111
293.962
389.509
156.43
270.961
151.377
301.341
290.959
239.707
339.199
636.806
311.273
336.837
190.406
386.064
452.993
378.04
372.429
440.804
232.556
554.795
419.024
284.458
311.623
561.787
406.682
615.2
340.219
561.74
306.37
426.64
393.638
277.171
165.759
263.63
399.659
438.153
393.856
385.283
540.588
523.408
448.367
388.181
325.949
533.282
519.51
405.895
526.742
499.514
305.985
371.797
348.72
545.456
189.709
381.328
357.182
475.39
278.434
326.533
597.584
410.795
403.032
456.212
308.112
578.364
560.305
337.691
408.583
613.603
474.207
538.639
501.919
635.12
490.359
418.226
319.946
384.426
416.15
510.481
509.798
474.517
363.659
507.668
471.795
721.192
331.39
337.083
287.797
515.91
475.661
411.82
740.955
406.243
303.502
709.251
681.468
648.49
390.728
555.357
381.861
720.289
544.169
468.172
361.927
403.08
417.219
526.094
668.65
667.802
580.084
380.226
573.23
438.162
593.688
450.35
388.252
666.095
225.491
539.696
536.071
578.94
466.754
357.544
462.998
501.716
413.757
742.411
474.77
543.164
363.615
537.926
698.435
474.571
332.204
749.184
667.016
551.203
557.807
548.57
478.67
679.164
582.244
593.732
538.385
758.799
632.327
368.963
632.194
504.215
590.152
861.746
549.889
480.356
675.83
582.158
681.798
788.634
584.63
531.144
674.473
664.92
818.08
784.496
597.846
590.174
741.867
625.013
623.556
626.423
679.405
453.747
622.472
771.217
471.805
690.864
828.7
627.878
579.225
528.303
729.011
512.468
740.024
805.176
652.46
784.46
768.853
728.791
721.928
811.432
722.807
817.143
736.629
767.686
693.616
648.135
785.283
496.098
613.534
598.572
606.52
792.003
682.148
973.308
784.512
758.149
493.033
967.113
755.664
822.726
856.488
783.799
750.59
613.412
862.217
832.464
347.197
626.553
917.978
773.907
795.083
666.458
504.442
801.062
1102.39
905.665
678.027
668.579
666.387
1055.17
967.618
1028.15
727.642
732.114
1151.26
862.706
734.029
687.915
657.26
925.633
949.768
975.531
740.376
968.97
725.121
610.859
696.293
890.766
1019.23
777.642
492.07
726.057
924.834
851.256
918.247
701.854
865.003
1185.48
692.599
893.938
717.04
1050.37
847.681
936.347
696.023
1199.36
860.053
775.824
500.938
841.326
1261.44
809.736
832.223
715.771
1110.72
932.82
963.204
780.835
1106.79
1196.34
715.279
1232.63
1023.97
1244.16
919.545
865.078
1273.24
735.725
936.81
1291.66
808.057
1233.56
944.747
992.846
1081.36
938.072
936.111
926.523
1142.71
1077.88
881.205
1015.31
1179.83
1129.36
1132.02
650.638
1112.16
1153.63
1333.58
1183.29
1005.51
1155.87
813.236
1197.07
984.164
1136.53
1673.16
1347.81
1220.85
1093.3
1453.2
1189.15
1153.63
1066.65
1178.1
825.289
1032.33
1395.84
1276.45
1006.65
1170.38
1462.61
1081.73
1118.62
1424.48
1384.57
1307.19
1210.43
1361.3
954.214
1321.01
1548.47
1177.05
1129.82
999.266
1437.17
1220.06
1357.48
1135
1362.3
1551.67
1499.91
1397.44
1392.55
1579.76
1506.11
1350.38
1208.17
1201.88
1296.84
1135.34
1216.54
1379.31
1534.88
1441.63
1423.6
1406.76
1407.64
1391.14
1406.28
1354.68
1880.13
1046.71
1262.64
1107.16
1451.16
1513.41
1458.77
1177.69
1530.78
1505.68
2094.04
1229.56
1114.78
1626.7
2028.55
1504.99
1337.66
1469.66
1326.35
1486.97
1472.5
1627.41
1769.99
1369.34
1465.6
1897.61
1702.01
1410.41
1871.69
1224.65
1498.94
1637.33
1623.58
1836.85
1871.32
1614.15
1653.91
1821.16
1851.87
1745.38
1722.24
1767.15
1650.01
1711.22
1321.37
1878.8
1834.98
1731.92
2144.71
1812.1
1677.72
1683.63
1530.4
2009.66
2237.78
1379.56
1757.53
1728.91
1951.37
1606.21
1858.01
2058.35
2256.43
1973.73
1679.4
1944.12
2238.9
2278.84
1966.05
1588.69
1533.78
2215.27
1795.9
1489.37
1923.79
2113.52
1862.96
2121.43
2163.4
2140.97
1846.11
1885.01
2334.93
1814.57
1533.83
2729.88
2350.93
2362.7
1963.55
1806.6
1691.68
2353.98
2180.29
2373.3
1684.66
2045.81
2533.56
2467.72
2595.4
1947.31
1962.6
2253.26
2847.83
2413.15
2274.43
1997.09
2298.79
1968.7
2700.71
2521.14
2276.17
2339.99
2052.02
2470.27
2249.07
2155.38
2333.67
2838.08
2298.24
2335.88
2268.73
2287.54
2499.32
2646.41
2408.79
2103.8
2504.3
2576.47
2933.52
2377.27
2531.05
2335.77
2816.03
2079.76
2761.37
2155.46
2513.23
2337.48
2460.3
2371.95
2900.79
2588.12
2697.7
2716.17
2987.66
2812.11
2914.96
2868.08
2749.27
2806.77
3441.54
3066.03
2880.62
2820.71
3443.87
2646.05
3335.7
3032.95
3731.75
3312.35
3279.46
3110.09
3577.89
3553.98
2771.74
2932.21
3385.39
3731.61
3354.39
3168.44
3055.25
3177.07
3281.53
4102.63
2755.57
4125.75
3299.56
3011.03
3411.52
3280.61
3556.38
2875.41
3568.95
4151.07
4078.58
3679.93
4141.29
3375.86
3122.6
4036.81
3898.11
4388.01
3669.37
4309.92
3878.72
4159.82
4424.54
4222.62
4180.4
4162.61
4076.97
4038.28
3798.07
4027.93
4089.19
3928.76
4376.08
3429.52
4747.89
4065.6
3824.16
4741.42
4438.02
4133.09
4376.16
4289.34
4633.96
4680.77
4980.38
4400.58
4208.72
4791.32
4650.33
4362.66
4838.09
5349.87
4888.2
5154.26
4184.36
4883.85
5026.68
5471.64
5034.58
4377.92
5370.58
5185.94
5000.17
5145.07
6309.78
5911.53
4402.05
5451.46
4860.89
5175.18
5172.68
5701.7
5508.82
5717.4
6207.79
5581.14
5214.64
5776.57
5908.57
6647.54
6403.26
5358.45
5831.23
6888.41
5942.19
5925.67
6107.01
6497.81
6519.61
6613.96
5558.87
6073.14
6147.97
5967.91
7017.14
7072.43
6639.54
6726.05
6286.75
7037.28
6818.99
7387.15
7804.49
7094.75
6898.12
6537.81
6357.95
7148.89
7796.54
7041.93
7159.39
7988.23
7650.11
7369.33
7144.55
7987.46
8607.58
8136.62
7758.59
8188.17
8334.95
8484.81
8280.77
8347.83
8178.93
7754.04
8813.25
7370.62
7882.88
9053.07
8124.13
8105.05
8475.82
9370.89
8973.31
8896.98
8254.92
8930.16
8110.83
9749.01
10008.7
9841.85
8602.84
10115.8
9840.52
8757.57
9945.43
9630.01
9245.97
9529.7
9088.45
9747.61
8143.11
7803.46
7565.35
4835.48
3394.76
3087.63
2061.43
1135.65
796.722
547.006
169.616
95.9792
7.99057
13.2051
22.9745
0
0
0
0
0
0
0
0
0
0
0
0
0
0
0
0
0
0
0
0
0
0
0
0
0
0
0
0
0
0
0
0
0
0
0
0
0
0
0
0
0
0
0
0
0
0
0
0
0
0
0
0
0
0
0
0
0
0
0
0
0
0
0
0
0
0
0
0
0
0
0
0
0
0
0
0
0
0
0
0
0
0
0
0
0
0
0
0
0
0
0
0
0
0
0
0
0
0
0
0
0
0
0
0
0
0
0
0
0
0
0
0
0
0
0
0
0
0
0
0
0
0
0
0
0
0
0
0
0
0
0
0
0
0
0
0
0
0
0
0
0
0
0
0
0
0
0
0
0
0
0
0
0
0
0
0
0
0
0
0
0
0
0
0
0
0
0
0
0
0
0
0
0
0
0
0
0
0
0
0
0
0
0
0
0
0
0
0
0
0
0
0
0
0
0
0
0
0
0
0
0
0
0
0
0
0
0
0
0
0
0
0
0
0
0
0
0
0
0
0
0
0
0
0
0
0
0
0
0
0
0
0
0
0
0
0
0
0
0
0
0
0
0
0
0
0
0
0
0
0
0
0
0
0
0
0
0
0
0
0
0
0
0
0
0
0
0
0
0
0
0
0
0
0
0
0
0
0
0
0
0
0
0
0
0
0
0
0
0
0
0
0
0
0
0
0
0
0
0
0
0
0
0
0
0
0
0
0
0
0
0
0
0
0
0
0
0
0
0
0
0
0
0
0
0
0
0
0
0
0
0
0
0
0
0
0
0
0
0
0
0
0
0
0
0
0
0
0
0
0
0
0
0
0
0
0
0
0
0
0
0
0
0
0
0
0
0
0
0
0
0
0
0
0
0
0
0
0
0
0
0
0
0
0
0
0
0
0
0
0
0
0
0
0
0
0
0
0
0
0
0
0
0
0
0
0
0
0
0
0
0
0
0
0
0
0
0
0
0
0
0
0
0
0
0
0
0
0
0
0
0
0
0
0
0
0
0
0
0
0
0
0
0
0
0
0
0
0
0
0
0
0
0
0
0
0
0
0
0
0
0
0
0
0
0
0
0
0
0
0
0
0
0
0
0
0
0
0
0
0
0
0
0
0
0
0
0
0
0
0
0
0
0
0
0
0
0
0
0
0
0
0
0
0
0
0
0
0
0
0
0
0
0
0
0
0
0
0
0
0
0
0
0
0
0
0
0
0
0
0
0
0
0
0
0
0
0
0
0
0
0
0
0
0
0
0
0
0
0
0
0
0
0
0
0
0
0
0
0
0
0
0
0
0
0
0
0
0
0
0
0
0
0
0
0
0
0
0
0
0
0
0
0
0
0
0
0
0
0
0
0
0
0
0
0
0
0
0
0
0
0
0
0
0
0
0
0
0
0
0
0
0
0
0
0
0
0
0
0
0
0
0
0
0
0
0
0
0
0
0
0
0
0
0
0
0
0
0
0
0
0
0
0
0
0
0
0
0
0
0
0
0
0
0
0
0
0
0
0
0
0
0
0
0
0
0
0
0
0
0
0
0
0
0
0
0
0
0
0
0
0
0
0
0
0
0
0
0
0
0
0
0
0
0
0
0
0
0
0
0
0
0
0
0
0
0
0
0
0
0
0
0
0
0
0
0
0
0
0
0
0
0
0
0
0
0
0
0
0
0
0
0
0
0
0
0
0
0
0
0
0
0
0
0
0
0
0
0
0
0
0
0
0
0
0
0
0
0
0
0
0
0
0
0
0
0
0
0
0
0
0
0
0
0
0
0
0
0
0
0
0
0
0
0
0
0
0
0
0
0
0
0
0
0
0
0
0
0
0
0
0
0
0
0
0
0
0
0
0
0
0
0
0
0
0
0
0
0
0
0
0
0
0
0
0
0
0
0
0
0
0
0
0
0
0
0
0
0
0
0
0
0
0
0
0
0
0
0
0
0
0
0
0
0
0
0
0
0
0
0
0
0
0
0
0
0
0
0
0
0
0
0
0
0
0
0
0
0
0
0
0
0
0
0
0
0
0
0
0
0
0
0
0
0
0
0
0
0
0
0
0
0
0
0
0
0
0
0
0
0
0
0
0
0
0
0
0
0
0
0
0
0
0
0
0
0
0
0
0
0
0
0
0
0
0
0
0
0
0
0
0
0
0
0
0
0
0
0
0
0
0
0
0
0
0
0
0
0
0
0
0
0
0
0
0
0
0
0
0
0
0
0
0
0
0
0
0
0
0
0
0
0
0
0
0
0
0
0
0
0
0
0
0
0
0
0
0
0
0
0
0
0
0
0
0
0
0
0
0
0
0
0
0
0
0
0
0
0
0
0
0
0
0
0
0
0
0
0
0
0
0
0
0
0
0
0
0
0
0
0
0
0
0
0
0
0
0
0
0
0
0
0
0
0
0
0
0
0
0
0
0
0
0
0
0
0
0
0
0
0
0
0
0
0
0
0
0
0
0
0
0
0
0
0
0
0
0
0
0
0
0
0
0
0
0
0
0
0
0
0
0
0
0
0
0
0
0
0
0
0
0
0
0
0
0
0
0
0
0
0
0
0
0
0
0
0
0
0
0
0
0
0
0
0
0
0
0
0
0
0
0
0
0
0
0
0
0
0
0
0
0
0
0
0
0
0
0
0
0
0
0
0
0
0
0
0
0
0
0
0
0
0
0
0
0
0
0
0
0
0
0
0
0
0
0
0
0
0
0
0
0
0
0
0
0
0
0
0
0
0
0
0
0
0
0
0
0
0
0
0
0
0
0
0
0
0
0
0
0
0
0
0
0
0
0
0
0
0
0
0
0
0
0
0
0
0
0
0
0
0
0
0
0
0
0
0
0
0
0
0
0
0
0
0
0
0
0
0
0
0
0
0
0
0
0
0
0
0
0
0
0
0
0
0
0
0
0
0
0
0
0
0
0
0
0
0
0
0
0
0
0
0
0
0
0
0
0
0
0
0
0
0
0
0
0
0
0
0
0
0
0
0
0
0
0
0
0
0
0
0
0
0
0
0
0
0
0
0
0
0
0
0
0
0
0
0
0
0
0
0
0
0
0
0
0
0
0
0
0
0
0
0
0
0
0
0
0
0
0
0
0
0
0
0
0
0
0
0
0
0
0
0
0
0
0
0
0
0
0
0
0
0
0
0
0
0
0
0
0
0
0
0
0
0
0
0
0
0
0
0
0
0
0
0
0
0
0
0
0
0
0
0
0
0
0
0
0
0
0
0
0
0
0
0
0
0
0
0
0
0
0
0
0
0
0
0
0
0
0
0
0
0
0
0
0
0
0
0
0
0
0
0
0
0
0
0
0
0
0
0
0
0
0
0
0
0
0
0
0
0
0
0
0
0
0
0
0
0
0
0
0
0
0
0
0
0
0
0
0
0
0
0
0
0
0
0
0
0
0
0
0
0
0
0
0
0
0
0
0
0
0
0
0
0
0
0
0
0
0
0
0
0
0
0
0
0
0
0
0
0
0
0
0
0
0
0
0
0
0
0
0
0
0
0
0
0
0
0
0
0
0
0
0
0
0
0
0
0
0
0
0
0
0
0
0
0
0
0
0
0
0
0
0
0
0
0
0
0
0
0
0
0
0
0
0
0
0
0
0
0
0
0
0
0
0
0
0
0
0
0
0
0
0
0
0
0
0
0
0
0
0
0
0
0
0
0
0
0
0
0
0
0
0
0
0
0
0
0
0
0
0
0
0
0
0
0
0
0
0
0
0
0
0
0
0
0
0
0
0
0
0
0
0
0
0
0
0
0
0
0
0
0
0
0
0
0
0
0
0
0
0
0
0
0
0
0
0
0
0
0
0
0
0
0
0
0
0
0
0
0
0
0
0
0
0
0
0
0
0
0
0
0
0
0
0
0
0
0
0
0
0
0
0
0
0
0
0
0
0
0
0
0
0
0
0
0
0
0
0
0
0
0
0
0
0
0
0
0
0
0
0
0
0
0
0
0
0
0
0
0
0
0
0
0
0
0
0
0
0
0
0
0
0
0
0
0
0
0
0
0
0
0
0
0
0
0
0
0
0
0
0
0
0
0
0
0
0
0
0
0
0
0
0
0
0
0
0
0
0
0
0
0
0
0
0
0
0
0
0
0
0
0
0
0
0
0
0
0
0
0
0
0
0
0
0
0
0
0
0
0
0
0
0
0
0
0
0
0
0
0
0
0
0
0
0
0
0
0
0
0
0
0
0
0
0
0
0
0
0
0
0
0
0
0
0
0
0
0
0
0
0
0
0
0
0
0
0
0
0
0
0
0
0
0
0
0
0
0
0
0
0
0
0
0
0
0
0
0
0
0
0
0
0
0
0
0
0
0
0
0
0
0
0
0
0
0
0
0
0
0
0
0
0
0
0
0
0
0
0
0
0
0
0
0
0
0
0
0
0
0
0
0
0
0
0
0
0
0
0
0
0
0
0
0
0
0
0
0
0
0
0
0
0
0
0
0
0
0
0
0
0
0
0
0
0
0
0
0
0
0
0
0
0
0
0
0
0
0
0
0
0
0
0
0
0
0
0
0
0
0
0
0
0
0
0
0
0
0
0
0
0
0
0
0
0
0
0
0
0
0
0
0
0
0
0
0
0
0
0
0
0
0
0
0
0
0
0
0
0
0
0
0
0
0
0
0
0
0
0
0
0
0
0
0
0
0
0
0
0
0
0
0
0
0
0
0
0
0
0
0
0
0
0
0
0
0
0
0
0
0
0
0
0
0
0
0
0
0
0
0
0
0
0
0
0
0
0
0
0
0
0
0
0
0
0
0
0
0
0
0
0
0
0
0
0
0
0
0
0
0
0
0
0
0
0
0
0
0
0
0
0
0
0
0
0
0
0
0
0
0
0
0
0
0
0
0
0
0
0
0
0
0
0
0
0
0
0
0
0
0
0
0
0
0
0
0
0
0
0
0
0
0
0
0
0
0
0
0
0
0
0
0
0
0
0
0
0
0
0
0
0
0
0
0
0
0
0
0
0
0
0
0
0
0
0
0
0
0
0
0
0
0
0
0
0
0
0
0
0
0
0
0
0
0
0
0
0
0
0
0
0
0
0
0
0
0
0
0
0
0
0
0
0
0
0
0
0
0
0
0
0
0
0
0
0
0
0
0
0
0
0
0
0
0
0
0
0
0
0
0
0
0
0
0
0
0
0
0
0
0
0
0
0
0
0
0
0
0
0
0
0
0
0
0
0
0
0
0
0
0
0
0
0
0
0
0
0
0
0
0
0
0
0
0
0
0
0
0
0
0
0
0
0
0
0
0
0
0
0
0
0
0
0
0
0
0
0
0
0
0
0
0
0
0
0
0
0
0
0
0
0
0
0
0
0
0
0
0
0
0
0
0
0
0
0
0
0
0
0
0
0
0
0
0
0
0
0
0
0
0
0
0
0
0
0
0
0
0
0
0
0
0
0
0
0
0
0
0
0
0
0
0
0
0
0
0
0
0
0
0
0
0
0
0
0
0
0
0
0
0
0
0
0
0
0
0
0
0
0
0
0
0
0
0
0
0
0
0
0
0
0
0
0
0
0
0
0
0
0
0
0
0
0
0
0
0
0
0
0
0
0
0
0
0
0
0
0
0
0
0
0
0
0
0
0
0
0
0
0
0
0
0
0
0
0
0
0
0
0
0
0
0
0
0
0
0
0
0
0
0
0
0
0
0
0
0
0
0
0
0
0
0
0
0
0
0
0
0
0
0
0
0
0
0
0
0
0
0
0
0
0
0
0
0
0
0
0
0
0
0
0
0
0
0
0
0
0
0
0
0
0
0
0
0
0
0
0
0
0
0
0
0
0
0
0
0
0
0
0
0
0
0
0
0
0
0
0
0
0
0
0
0
0
0
0
0
0
0
0
0
0
0
0
0
0
0
0
0
0
0
0
0
0
0
0
0
0
0
0
0
0
0
0
0
0
0
0
0
0
0
0
0
0
0
0
0
0
0
0
0
0
0
0
0
0
0
0
0
0
0
0
0
0
0
0
0
0
0
0
0
0
0
0
0
0
0
0
0
0
0
0
0
0
0
0
0
0
0
0
0
0
0
0
0
0
0
0
0
0
0
0
0
0
0
0
0
0
0
0
0
0
0
0
0
0
0
0
0
0
0
0
0
0
0
0
0
0
0
0
0
0
0
0
0
0
0
0
0
0
0
0
0
0
0
0
0
0
0
0
0
0
0
0
0
0
0
0
0
0
0
0
0
0
0
0
0
0
0
0
0
0
0
0
0
0
0
0
0
0
0
0
0
0
0
0
0
0
0
0
0
0
0
0
0
0
0
0
0
0
0
0
0
0
0
0
0
0
0
0
0
0
0
0
0
0
0
0
0
0
0
0
0
0
0
0
0
0
0
0
0
0
0
0
0
0
0
0
0
0
0
0
0
0
0
0
0
0
0
0
0
0
0
0
0
0
0
0
0
0
0
0
0
0
0
0
0
0
0
0
0
0
0
0
0
0
0
0
0
0
0
0
0
0
0
0
0
0
0
0
0
0
0
0
0
0
0
0
0
0
0
0
0
0
0
0
0
0
0
0
0
0
0
0
0
0
0
0
0
0
0
0
0
0
0
0
0
0
0
0
0
0
0
0
0
0
0
0
0
0
0
0
0
0
0
0
0
0
0
0
0
0
0
0
0
0
0
0
0
0
0
0
0
0
0
0
0
0
0
0
0
0
0
0
0
0
0
0
0
0
0
0
0
0
0
0
0
0
0
0
0
0
0
0
0
0
0
0
0
0
0
0
0
0
0
0
0
0
0
0
0
0
0
0
0
0
0
0
0
0
0
0
0
0
0
0
0
0
0
0
0
0
0
0
0
0
0
0
0
0
0
0
0
0
0
0
0
0
0
0
0
0
0
0
0
0
0
0
0
0
0
0
0
0
0
0
0
0
0
0
0
0
0
0
0
0
0
0
0
0
0
0
0
0
0
0
0
0
0
0
0
0
0
0
0
0
0
0
0
0
0
0
0
0
0
0
0
0
0
0
0
0
0
0
0
0
0
0
0
0
0
0
0
0
0
0
0
0
0
0
0
0
0
0
0
0
0
0
0
0
0
0
0
0
0
0
0
0
0
0
0
0
0
0
0
0
0
0
0
0
0
0
0
0
0
0
0
0
0
0
0
0
0
0
0
0
0
0
0
0
0
0
0
0
0
0
0
0
0
0
0
0
0
0
0
0
0
0
0
0
0
0
0
0
0
0
0
0
0
0
0
0
0
0
0
0
0
0
0
0
0
0
0
0
0
0
0
0
0
0
0
0
0
0
0
0
0
0
0
0
0
0
0
0
0
0
0
0
0
0
0
0
0
0
0
0
0
0
0
0
0
0
0
0
0
0
0
0
0
0
0
0
0
0
0
0
0
0
0
0
0
0
0
0
0
0
0
0
0
0
0
0
0
0
0
0
0
0
0
0
0
0
0
0
0
0
0
0
0
0
0
0
0
0
0
0
0
0
0
0
0
0
0
0
0
0
0
0
0
0
0
0
0
0
0
0
0
0
0
0
0
0
0
0
0
0
0
0
0
0
0
0
0
0
0
0
0
0
0
0
0
0
0
0
0
0
0
0
0
0
0
0
0
0
0
0
0
0
0
0
0
0
0
0
0
0
0
0
0
0
0
0
0
0
0
0
0
0
0
0
0
0
0
0
0
0
0
0
0
0
0
0
0
0
0
0
0
0
0
0
0
0
0
0
0
0
0
0
0
0
0
0
0
0
0
0
0
0
0
0
0
0
0
0
0
0
0
0
0
0
0
0
0
0
0
0
0
0
0
0
0
0
0
0
0
0
0
0
0
0
0
0
0
0
0
0
0
0
0
0
0
0
0
0
0
0
0
0
0
0
0
0
0
0
0
0
0
0
0
0
0
0
0
0
0
0
0
0
0
0
0
0
0
0
0
0
0
0
0
0
0
0
0
0
0
0
0
0
0
0
0
0
0
0
0
0
0
0
0
0
0
0
0
0
0
0
0
0
0
0
0
0
0
0
0
0
0
0
0
0
0
0
0
0
0
0
0
0
0
0
0
0
0
0
0
0
0
0
0
0
0
0
0
0
0
0
0
0
0
0
0
0
0
0
0
0
0
0
0
0
0
0
0
0
0
0
0
0
0
0
0
0
0
0
0
0
0
0
0
0
0
0
0
0
0
0
0
0
0
0
0
0
0
0
0
0
0
0
0
0
0
0
0
0
0
0
0
0
0
0
0
0
0
0
0
0
0
0
0
0
0
0
0
0
0
0
0
0
0
0
0
0
0
0
0
0
0
0
0
0
0
0
0
0
0
0
0
0
0
0
0
0
0
0
0
0
0
0
0
0
0
0
0
0
0
0
0
0
0
0
0
0
0
0
0
0
0
0
0
0
0
0
0
0
0
0
0
0
0
0
0
0
0
0
0
0
0
0
0
0
0
0
0
0
0
0
0
0
0
0
0
0
0
0
0
0
0
0
0
0
0
0
0
0
0
0
0
0
0
0
0
0
0
0
0
0
0
0
0
0
0
0
0
0
0
0
